1
12
364
1
13
1007
2
12
2968
2
13
1959
3
12
2013
3
13
1311
4
12
2231
4
13
1235
11
12
29.3
11
13
1378
6
12
20.2
6
13
1375
7
12
47.9
7
13
1396
5
12
2229
5
13
1368
8
12
884
8
13
2073
9
12
368
9
13
1720
10
12
1963
10
13
1183
12
1
364
12
2
2968
12
3
2013
12
4
2231
12
11
29.3
12
6
20.2
12
7
47.9
12
5
2229
12
8
884
12
9
368
12
13
1758
12
10
1963
13
1
1007
13
12
1758
13
2
1959
13
3
1311
13
4
1235
13
11
1378
13
6
1375
13
7
1396
13
5
1368
13
8
2073
13
9
1720
13
10
1183